layout_spectrum: 0.7770522
typography_spectrum: 0.139459
color:
  saturation: 0.6693087
  lightness: 0.4270299
  brandStrength: 0.2102851
  rhythmicContrast: 0.7088808
name: Pellegrino
